White wine
For criterion entropy
Accuracy: 0.693141 for 500 estimators and 2500 samples drawn for each estimator
[[[0.000000 0.000000 1.200000 2.800000 0.000000 0.000000 0.000000]
  [0.000000 8.800000 15.800000 8.000000 0.000000 0.000000 0.000000]
  [0.000000 2.600000 205.400000 80.400000 2.800000 0.200000 0.000000]
  [0.000000 0.400000 58.800000 352.000000 27.800000 0.600000 0.000000]
  [0.000000 0.000000 2.600000 73.400000 98.600000 1.400000 0.000000]
  [0.000000 0.000000 0.400000 12.000000 8.400000 14.200000 0.000000]
  [0.000000 0.000000 0.000000 0.600000 0.400000 0.000000 0.000000]]]
Counter({6: 2198, 5: 1457, 7: 880, 8: 175, 4: 163, 3: 20, 9: 5})
For criterion gini
Accuracy: 0.695183 for 1000 estimators and 2500 samples drawn for each estimator
[[[0.000000 0.000000 1.400000 2.600000 0.000000 0.000000 0.000000]
  [0.000000 8.200000 16.000000 8.200000 0.200000 0.000000 0.000000]
  [0.000000 2.600000 203.800000 82.600000 2.400000 0.000000 0.000000]
  [0.000000 0.200000 57.600000 355.200000 26.200000 0.400000 0.000000]
  [0.000000 0.000000 2.200000 74.000000 98.800000 1.000000 0.000000]
  [0.000000 0.000000 0.200000 11.200000 8.600000 15.000000 0.000000]
  [0.000000 0.000000 0.000000 0.400000 0.600000 0.000000 0.000000]]]
Counter({6: 2198, 5: 1457, 7: 880, 8: 175, 4: 163, 3: 20, 9: 5})
