White wine
For criterion entropy
Accuracy: 0.603512
[[0.000000 0.200000 1.200000 2.200000 0.400000 0.000000 0.000000]
 [0.000000 9.600000 13.600000 7.800000 1.400000 0.200000 0.000000]
 [2.000000 13.000000 186.600000 74.600000 11.800000 3.200000 0.200000]
 [1.000000 8.800000 83.800000 280.200000 57.200000 7.400000 1.200000]
 [0.000000 1.200000 13.400000 53.000000 98.400000 9.800000 0.200000]
 [0.000000 0.200000 0.600000 10.200000 7.600000 16.400000 0.000000]
 [0.000000 0.000000 0.000000 0.800000 0.200000 0.000000 0.000000]]
Counter({6: 2198, 5: 1457, 7: 880, 8: 175, 4: 163, 3: 20, 9: 5})
For criterion gini
Accuracy: 0.594732
[[0.000000 1.000000 1.400000 1.000000 0.600000 0.000000 0.000000]
 [0.400000 10.000000 14.000000 6.200000 1.800000 0.200000 0.000000]
 [1.400000 10.600000 179.200000 84.200000 14.000000 2.000000 0.000000]
 [0.800000 7.000000 83.200000 277.400000 60.600000 10.400000 0.200000]
 [0.400000 1.000000 11.200000 53.000000 98.600000 11.600000 0.200000]
 [0.400000 0.000000 1.400000 6.600000 9.200000 17.400000 0.000000]
 [0.000000 0.000000 0.200000 0.400000 0.000000 0.400000 0.000000]]
Counter({6: 2198, 5: 1457, 7: 880, 8: 175, 4: 163, 3: 20, 9: 5})
