White wine
For criterion entropy
Accuracy: 0.700900 for 500 estimators and 3 features considered for each split
[[0.000000 0.000000 1.200000 2.800000 0.000000 0.000000 0.000000]
 [0.000000 8.400000 14.200000 9.800000 0.200000 0.000000 0.000000]
 [0.000000 2.600000 204.800000 81.600000 2.400000 0.000000 0.000000]
 [0.000000 0.600000 52.600000 361.000000 25.000000 0.400000 0.000000]
 [0.000000 0.000000 2.400000 75.200000 97.600000 0.800000 0.000000]
 [0.000000 0.000000 0.200000 11.800000 8.200000 14.800000 0.000000]
 [0.000000 0.000000 0.000000 0.200000 0.800000 0.000000 0.000000]]
Counter({6: 2198, 5: 1457, 7: 880, 8: 175, 4: 163, 3: 20, 9: 5})
For criterion gini
Accuracy: 0.698858 for 500 estimators and 4 features considered for each split
[[0.000000 0.000000 1.800000 2.200000 0.000000 0.000000 0.000000]
 [0.000000 8.200000 14.800000 9.400000 0.200000 0.000000 0.000000]
 [0.000000 2.600000 203.800000 82.400000 2.600000 0.000000 0.000000]
 [0.000000 0.400000 56.800000 358.200000 23.600000 0.600000 0.000000]
 [0.000000 0.000000 2.200000 73.600000 99.200000 1.000000 0.000000]
 [0.000000 0.000000 0.200000 11.800000 7.800000 15.200000 0.000000]
 [0.000000 0.000000 0.000000 0.400000 0.600000 0.000000 0.000000]]
Counter({6: 2198, 5: 1457, 7: 880, 8: 175, 4: 163, 3: 20, 9: 5})
