Red wine
For criterion entropy
Accuracy: 0.604126
[[0.000000 0.000000 1.200000 0.600000 0.000000 0.200000 0.000000]
 [0.400000 1.000000 6.000000 2.400000 0.600000 0.200000 0.000000]
 [0.200000 4.800000 96.000000 30.400000 4.600000 0.200000 0.000000]
 [0.200000 3.600000 33.000000 76.400000 12.800000 1.600000 0.000000]
 [0.000000 0.400000 5.400000 13.200000 19.800000 1.000000 0.000000]
 [0.000000 0.000000 0.600000 1.000000 2.000000 0.000000 0.000000]
 [0.000000 0.000000 0.000000 0.000000 0.000000 0.000000 0.000000]]
Counter({5: 681, 6: 638, 7: 199, 4: 53, 8: 18, 3: 10})
For criterion gini
Accuracy: 0.609747
[[0.000000 0.400000 1.000000 0.600000 0.000000 0.000000 0.000000]
 [0.200000 0.600000 6.000000 2.800000 1.000000 0.000000 0.000000]
 [0.600000 4.600000 92.000000 35.000000 4.000000 0.000000 0.000000]
 [0.000000 3.800000 29.600000 80.400000 11.800000 2.000000 0.000000]
 [0.000000 1.000000 4.000000 12.000000 21.800000 1.000000 0.000000]
 [0.000000 0.000000 0.600000 1.000000 1.800000 0.200000 0.000000]
 [0.000000 0.000000 0.000000 0.000000 0.000000 0.000000 0.000000]]
Counter({5: 681, 6: 638, 7: 199, 4: 53, 8: 18, 3: 10})
